%YAML:1.0
description: "happy"
samples:
   - !!opencv-matrix
      rows: 198
      cols: 1
      dt: d
      data: [ -2.0752733747909620e+01, -1.9768345585898473e+01,
          -1.8453566399658463e+01, -1.6802071218461091e+01,
          -1.4378308170627575e+01, -1.1122721885720074e+01,
          -7.4152482019378763e+00, -3.1685679123104640e+00,
          1.7337996844942618e+00, 6.4648493722375378e+00,
          1.0230168787026191e+01, 1.3342118982542488e+01,
          1.5967864559928783e+01, 1.7734889624962261e+01,
          1.8688614943799937e+01, 1.9287601592108466e+01,
          1.9542516850500689e+01, -1.7413502057905820e+01,
          -1.4792648859183540e+01, -1.1687875391039304e+01,
          -8.5228859273176347e+00, -5.4579410804164414e+00,
          3.1560234294961513e+00, 6.0374924845178413e+00,
          9.1060731716148382e+00, 1.2220450278502291e+01,
          1.5011292112395184e+01, -7.7414714517611261e-01,
          -5.0149569080978351e-01, -2.3088003262633877e-01,
          3.9717487031828411e-02, -3.8073566267729104e+00,
          -1.8402267903459366e+00, 2.6021335553789199e-01,
          2.2884355398264025e+00, 4.1123721033180365e+00,
          -1.3283437594853323e+01, -1.1157826001214456e+01,
          -8.6522552271449165e+00, -6.4757305892054875e+00,
          -8.7643494090999852e+00, -1.1057217187692055e+01,
          4.9012739506072425e+00, 6.9021689742639962e+00,
          9.3906943007571346e+00, 1.1654452955755184e+01,
          9.4882616393161978e+00, 7.1992776327834100e+00,
          -8.8351235944147231e+00, -5.9978312036708559e+00,
          -2.7430230442360721e+00, 4.4700773810185990e-01,
          3.5707838497456033e+00, 6.8379820801971913e+00,
          9.7925027982891510e+00, 7.9349473045797145e+00,
          4.8761644165703082e+00, 9.9835140451224025e-01,
          -3.0027793403233565e+00, -6.4320499647935696e+00,
          -3.6313245696314400e+00, 5.7728993790220273e-01,
          4.7147632889584283e+00, 5.1903551462328013e+00,
          7.8062879231155002e-01, -3.7530867709952904e+00,
          -4.8864168666192178e+00, 4.4049415770014644e-02,
          4.9152498810580223e+00, 9.6035153221516758e+00,
          1.3754672051432932e+01, 1.7269772125262957e+01,
          2.0379846071904897e+01, 2.2772123507716373e+01,
          2.3260824303511050e+01, 2.2040536596800319e+01,
          1.9023895514330842e+01, 1.5389081829612426e+01,
          1.1454161287224217e+01, 7.0592647438746177e+00,
          2.2774267198738771e+00, -2.6347563159266159e+00,
          -7.5587987364214957e+00, -1.4668774721764661e+01,
          -1.6407745924337192e+01, -1.7093791965886222e+01,
          -1.7032472642567939e+01, -1.6331045007100922e+01,
          -1.6886027910491261e+01, -1.7985645609345632e+01,
          -1.8479604959714109e+01, -1.8253011810408218e+01,
          -1.6928520787992341e+01, -1.1775763365801302e+01,
          -8.0286299019881113e+00, -4.3118846590381086e+00,
          -5.9796322084941300e-01, 1.6879191987256332e+00,
          2.3932882946547833e+00, 2.5872597065750127e+00,
          2.1078639412815070e+00, 1.1350822699752849e+00,
          -1.0174428002969746e+01, -1.1441422427454322e+01,
          -1.1610613355228180e+01, -1.0560807860323562e+01,
          -1.0191874157459008e+01, -9.9820144131229256e+00,
          -1.1333522267169517e+01, -1.2657799601462408e+01,
          -1.2843442337280157e+01, -1.1877582199162664e+01,
          -1.1381548907469210e+01, -1.1278573539492415e+01,
          7.1932965151997168e+00, 5.8836997043520229e+00,
          5.3579368218672085e+00, 5.3966548785632531e+00,
          4.9151876951040299e+00, 4.9725315452807077e+00,
          5.8804102889931507e+00, 9.4333799904089339e+00,
          1.2008523992947255e+01, 1.2928819916949434e+01,
          1.2563758096580068e+01, 1.0445869477840704e+01,
          7.1361646784517090e+00, 7.0784506939752063e+00,
          6.5476346741214515e+00, 8.8830614249371251e+00,
          9.8976899913954490e+00, 9.5157131682435221e+00,
          2.1437481619832266e+01, 2.0830045236552461e+01,
          2.0378369231670426e+01, 1.8372597546752139e+01,
          1.3475617459297485e+01, 8.0976226042436039e+00,
          3.2414883551060885e+00, -1.0761074373951069e+00,
          -4.4660850171847777e+00, -1.0429548563677355e+00,
          3.3461736957667094e+00, 8.2469449399572650e+00,
          1.3654628838024141e+01, 1.8543678827857512e+01,
          2.0602157862994961e+01, 2.1040349137687027e+01,
          2.1637861058519455e+01, 3.0683755968811166e-01,
          -1.3639878604193978e+00, -2.8709194491144494e+00,
          -4.2696479531601845e+00, -5.4580985646150371e+00,
          -5.4292641331138114e+00, -4.1882184563046012e+00,
          -2.7420194440914853e+00, -1.1921999409478414e+00,
          5.1105671559576094e-01, -4.7114303074070740e+00,
          -7.7751280460727301e+00, -1.0914437820716842e+01,
          -1.3774878530838849e+01, -6.8154879054447957e+00,
          -7.5599799866588588e+00, -8.1473453586057207e+00,
          -7.5525758385885320e+00, -6.7787380584115002e+00,
          -4.7721164659909393e-01, -8.4479677520790353e-01,
          -1.2756586941095189e+00, -1.2505554179068568e+00,
          -1.0440781834801665e+00, -9.7333165485030537e-01,
          -1.2172816560141759e+00, -1.1902974817072209e+00,
          -7.1655366662825304e-01, -3.0711769670245254e-01,
          -8.4827094639692036e-01, -9.6169147914105824e-01,
          -2.5257282985556762e+00, -4.6784945030920522e+00,
          -6.3794153258245219e+00, -8.3179941167334608e+00,
          -6.3284757446604099e+00, -4.5905094162886302e+00,
          -2.4346239053007954e+00, -4.0106106656351583e+00,
          -5.1254899592412402e+00, -6.4540393423338838e+00,
          -5.1690102486433664e+00, -4.0999139710358090e+00,
          -5.3815719462208413e+00, -7.9871049313255673e+00,
          -5.3373858771058051e+00, -4.5376272947592531e+00,
          -6.5470082722233816e+00, -4.5814453501556338e+00 ]
   - !!opencv-matrix
      rows: 198
      cols: 1
      dt: d
      data: [ -2.0099936129021284e+01, -1.9152722410673796e+01,
          -1.7848393875081854e+01, -1.6232211627469020e+01,
          -1.3900485370828665e+01, -1.0767469249770953e+01,
          -7.2003371141024957e+00, -3.0994279886341110e+00,
          1.6235401904767306e+00, 6.1765613408996325e+00,
          9.7767653123482461e+00, 1.2769997221378699e+01,
          1.5346081118159344e+01, 1.7118044657795171e+01,
          1.8112823539415889e+01, 1.8758224617554252e+01,
          1.9026187869700248e+01, -1.7251045818428267e+01,
          -1.5095650472159630e+01, -1.2351611372989177e+01,
          -9.4651530954091818e+00, -6.6535140115909925e+00,
          4.1689000264323326e+00, 6.7981376215437219e+00,
          9.6015158499789699e+00, 1.2383394270325423e+01,
          1.4736413006789757e+01, -7.2290311571984611e-01,
          -4.7598759088875736e-01, -2.2835871996189921e-01,
          2.0088481489764956e-02, -3.5922548619332595e+00,
          -1.7121799799561308e+00, 2.4930271842851737e-01,
          2.1552237201202300e+00, 3.9284251377404917e+00,
          -1.3042666243116257e+01, -1.1019919162600614e+01,
          -8.3007181603217095e+00, -6.1936172909752711e+00,
          -8.4425455017318889e+00, -1.0840833672523321e+01,
          4.7689788109420705e+00, 6.5904889449439343e+00,
          9.2734873361118879e+00, 1.1515564400766198e+01,
          9.4793802245956957e+00, 7.0957537886879312e+00,
          -8.3392131000377194e+00, -5.4847048121038169e+00,
          -2.4469767618011984e+00, 5.0170843967446466e-01,
          3.3774295269452010e+00, 6.4292909819286646e+00,
          9.3639581529766218e+00, 7.5969255139754850e+00,
          4.6658308609900798e+00, 1.0172255047937646e+00,
          -2.7444799275920095e+00, -6.0420085707472282e+00,
          -3.1972840477180018e+00, 6.4546188630349799e-01,
          4.4058239674717452e+00, 4.8394540791108120e+00,
          7.9211426600412671e-01, -3.3590549155761344e+00,
